10097

37542

08422

99019

12807

32533

04805

68953

02529

99970

76520

64894

19645

09376

80157

13586

74296

09303

70715

36147

34673

24805

23209

38311

64032

54876

24037

02560

31165

36653

80959

20636

15953

88676

98951

09117

10402

34764

74397

16877

39292

00822

35080

04436

12171

74945

91665

33606

27659

76833

66065

31060

85269

63573

73796

74717

10805

77602

32135

45753

34072

45571

02051

05325

03529

76850

82406

65692

47048

64778

36697

35303

68665

90553

35808

36170

42614

74818

57548

34282

65813

86799

73053

28468

60935

39885

07439

85247

28709

20344

11199

23403

18623

83491

35273

29170

09732

88579

25624

88435

98520

11805

83452

88685

99594

17767

05431

99634

40200

67348

14905

39808

06288

86507

87517

68607

27732

98083

58401

64969

22109

50725

13746

36766

91826

40558

68248

70078

67951

08928

60970

29405

18475

90364

93785

93433

24201

40610

76493

61368

50500

52775

68711

29609

23478

73998

67851

77817

11062

34113

65481

80124

74350

69916

09893

17674

35635

99817

26803

20505

17468

17727

77402

66252

14225

50950

08015

77214

29148

68514

58047

45318

43236

36936

46427

76974

22374

00210

87203

56788

73039

21115

45521

76621

96297

57186

78253

64237

13990

78822

40218

14385

96286

94400

54382

16544

53763

02655

56418

14598

91499

80336

44104

12550

63606

14523

94598

81949

73742

49329

68479

26940

85157

11100

16505

27686

36858

47954

02040

34484

46162

70297

32979

12860

40219

83554

34135

26575

74697

52563

94750

53140

57600

96644

43651

89923

33340

40881

89439

77082

37089

42050

22222

28707

07207

20048

82341

06413

25815

31790

61196

15474

94557

42481

23523

90446

45266

28573

16213

78317

26457

95270

67897

97344

73208

47774

79953

54387

08721

89837

51924

59367

54622

16868

68935

33729

83848

44431

48767

91416

65394

82396

91190

03071

26252

59593

10118

42592

12059

29663

42582

33211

92927

25701

05522

60527

59466

45973

46670

82562

04493

00549

35963

59808

46058

52494

97654

15307

08391

85236

75246

64051

26898

45427

01390

33824

88159

09354

26842

92286

45862

96119

33351

83609

77281

51025

63896

35462

49700

44077

61962

54692

77974

13021

93910

79335

82391

50024

24892

83647

65337

23287

90103

78565

70617

12472

29529

39333

20106

42941

32179

69234

19565

45155

94664

00597

61406

41430

14938

31994

87379

20117

01758

19476

36168

25241

45204

75379

07246

10851

05567

15956

40419

43667

34888

07007

60000

21585

94543

81553

86743

18743

66674

59047

01540

17157

92423

36806

90033

35456

85394

97118

84962

20826

05014

11838

96338

85207

69541

51176

98086

33185

80951

79752

18633

24826

16232

00406

49140

32537

45240

41941

96382

71961

98145

28404

50949

70774

28296

06571

44999

89435

20151

69861

31010

08896

48581

23387

02591

24674

39094

88695

25016

74852

05455

73407

41994

25298

20539

61427

35441

37548

94624

00387

77938

31880

73043

61171

59579

91936

74029

54178

11664

48324

69074

43902

45611

49883

77928

94138

77557

80993

52079

31249

87637

32270

37143

84827

64710

91976

97790

05335

59381

02295

35584

17119

12969

71539

36870

04401

52527

56127

09973

32307

10518

58021

19255

33440

57546

21615

80814

36040

88461

15020

01848

51748

90324

23356

09994

76938