100
42 8468 6335 6501 9170 5725 1479 9359 6963 4465 5706 8146 3282 6828 9962 492 2996 1943 4828 5437 2392 4605 3903 154 293 2383 7422 8717 9719 9896 5448 1727 4772 1539 1870 9913 5668 6300 7036 9895 8704 3812 1323 334 7674 4665 5142 7712 8254 6869 5548 7645 2663 2758 38 2860 8724 9742 7530 779 2317 3036 2191 1843 289 107 9041 8943 9265 2649 7447 3806 5891 6730 4371 5351 5007 1102 4394 3549 9630 2624 4085 9955 8757 1841 4967 7377 3932 6309 6945 2440 4627 1324 5538 1539 6119 2083 2930 6542 1000
4834
1116
4640
9659
2705
9931
3978
2307
1674
2387
5022
8746
6925
9073
6271
5830
6778
5574
5098
6513
3987
3291
9162
8637
2356
4768
3656
5575
4032
2053
7351
1151
6942
1725
3967
3431
1108
192
8008
1338
5458
2288
7754
384
4946
8910
2210
9759
4222
8589
6423
4947
7507
3031
6414
9169
901
2592
8763
1656
7411
6360
7625
538
1549
6484
7596
4042
3603
4351
292
837
9375
1021
4597
4022
7349
3200
9669
4485
8282
4735
54
2000
6419
7939
6901
3789
8128
468
3729
4894
4649
2484
7808
2422
4311
6618
2814
9515
